[59378.95, 59239.44, 57197.44, 58523.64, 59519.56, 59484.48, 57588.84]

[0.05430782650000076, 0.005856773100000865, 0.00557568308000171, 0.00584011311999852, 0.005828096899999622, 0.00593400949999932, 0.005641739429999859]

[1093.65, 2088.48, 1608.14, 1420.31, 1641.74, 1552.47, 1570.28]

[0.00025286460000017996, 0.0003536336599994172, 0.0002826426399997217, 0.00026922551000140515, 0.0002944996500001196, 0.00027907594999938113, 0.00028672665000080145]

[54.765164012247226, 28.64481294108802, 36.218780253216075, 41.226461557888726, 36.28088819924156, 38.36895945232322, 37.023015047565565]

[108.90262085409978, 16.627234978600082, 19.878025309108008, 21.777206866754952, 19.865614551117066, 1.557397291213811e+303, 19.926163516127854]

38.932583066224346

2.224853273162587e+302

