[22112.96, 23787.18, 24500.19, 23490.92, 23428.27, 23422.21, 22343.61]

[0.013243030160000018, 0.002415050739999778, 0.0025037804900003378, 0.0023730966700000167, 0.002377311589999742, 0.0023591754700004585, 0.0022454293599996687]

[942.44, 1761.82, 1368.8, 1369.81, 1566.37, 1461.26, 1487.12]

[0.0002127776000003223, 0.0003123746599996835, 0.0002559933100000222, 0.0002517875599998831, 0.0002816104200000069, 0.00026439905999989575, 0.0002654027400003045]

[24.16265662949466, 13.722801308153523, 18.57280756580263, 18.43011570771346, 15.911778691673865, 17.080745362470246, 16.132589025713624]

[1.1292519528694025e+303, 7.847054814404406, 10.170635734335884, 9.87494000125723, 8.803622621136928, 9.278153267662326, 8.815832177651052]

17.716213470146

1.6132170755277179e+302

