[4173.91, 3505.1, 2766.59, 2330.12, 2268.29, 2173.99, 2717.6]

[0.0005892099999999937, 0.0004391800000000051, 0.00036128000000000077, 0.0003017600000000023, 0.0003078599999999701, 0.0002880899999999931, 0.00036925000000000987]

[2594.32, 2720.42, 4977.82, 3851.07, 4632.59, 55879.39, 1687.15]

[0.0003775799999999996, 0.00040921999999998934, 0.0006475099999999934, 0.000619589999999986, 0.0007174199999999886, 0.008824140000000006, 0.00031108999999998886]

[2.8519131164588236, 1.5693735720205542, 1.5991563576840688, 1.4058283749742901, 1.2172476653534754, 1.3406852746301934, 1.6784601650145854]

[2.443933399804426, 1.2205988436254835, 1.281225543030538, 1.0769388937656783, 0.9756002749711938, 1.0302740685933245, 1.2878303773446202]

1.6660949323051415

1.3309144858764665

