[41486.45, 28097.99, 31399.22, 26489.92, 27745.14, 25858.61, 81021.99]

[0.005142959999999661, 0.003179659999999611, 0.0035317699999999697, 0.002967689999999976, 0.0031261099999999684, 0.0029134999999999955, 0.009542849999999934]

[37227.41, 27756.04, 24684.99, 26755.36, 25285.43, 15255.86, 66141.98]

[0.004389509999999852, 0.003262769999999868, 0.0028352199999999426, 0.003067749999999858, 0.0029131700000002425, 0.0018083000000002336, 0.007994769999999924]

[0.7984400414189095, 3.1715166748611483, 1.2571405041281305, 1.094338696784361, 1.2265078790175843, 5.435172825151335, 9.604939924876646]

[1.5202770296432737, 2.3545199712271456, 1.1353106311655845, 0.9678094614809208, 1.1001493541513654, 3.940716400530127, 6.764599437702096]

3.2268652208911592

2.540483183700073

