[117268.28, 146569.93, 136585.78, 75157.32, 67512.19, 65429.34, 140527.57]

[0.014541909999999518, 0.016400669999999735, 0.015223470000000213, 0.008365729999999445, 0.007505899999999883, 0.007278580000000474, 0.01597487000000001]

[135912.19, 106316.21, 68207.75, 74712.61, 72982.15, 83991.29, 145421.82]

[0.015244229999999845, 0.01226417000000005, 0.007661649999999795, 0.008376839999999958, 0.008160239999999774, 0.009424840000000288, 0.01657983999999999]

[3.8981052275423362, 15.785527969592362, 24.014902275043074, 1.6224644513699957, 1.5581928216035117, 0.9313949826610306, 0.9260198986510726]

[4.2508755529572, 11.337182027084875, 17.292336581805266, 1.3650594661600157, 1.316548887087389, 0.8872499646742336, 0.9116893909546532]

6.962372518066196

5.3372774101033755

