[117252.11, 116943.66, 118717.72, 118590.78, 120536.19, 114632.25, 114648.27]

[0.22210439963000028, 0.011838343670000029, 0.011446995029999699, 0.011886427859996046, 0.0118600105099992, 0.011565614450001932, 0.011456206560003181]

[1797.44, 11447.57, 7879.15, 1906.83, 2062.87, 2131.78, 2770.82]

[0.00035259752000342813, 0.0014275127499985274, 0.0009023014099958004, 0.00032459969000143475, 0.0003477429800028631, 0.00035749748999847953, 0.000430133070001375]

[96.061223244131, 49.31566865984045, 60.533088005841755, 76.21200581878874, 68.9042250078108, 66.36565626643754, 55.71363492897333]

[268.06661691518707, 28.33314551725632, 33.97585102817502, 40.549696529423734, 37.14642856362954, 36.03987122610491, 30.760677437716435]

67.5865002759748

67.83889817392757

