[23466.55, 20733.92, 18335.63, 17289.69, 16133.73, 15072.79, 14690.33]

[0.00264822000000001, 0.002356900000000062, 0.0020824399999999875, 0.0019650000000000388, 0.0018452099999999793, 0.0017206100000000202, 0.001689890000000034]

[21752.23, 31451.11, 76577.64, 16095.08, 14795.99, 13640.78, 12333.46]

[0.0025257799999999575, 0.0036995600000000596, 0.008863660000000037, 0.0018982800000000432, 0.0017657299999999587, 0.001634170000000026, 0.0014937999999999807]

[3.4012788369427898, 2.131694409679326, 2.2553472043442317, 1.906860981138485, 2.018086169586225, 2.0275550236230657, 2.4181603084918195]

[2.5216774868665612, 1.7541887211926581, 1.7842839623980078, 1.5666869985288994, 1.586584165498051, 1.6013824262849932, 1.8296603956457007]

2.308426133400849

1.8063520223449814

