[24890.85, 40705.89, 30363.71, 11172.49, 8168.0, 7640.78, 14527.57]

[0.002914999999999939, 0.004626389999999958, 0.003459829999999933, 0.0012708400000000352, 0.0009438599999998232, 0.0008807199999999327, 0.001653770000000101]

[13731.96, 29073.99, 19833.59, 9253.11, 7177.24, 6974.56, 5487.77]

[0.0016045599999999815, 0.0034026700000000256, 0.002331719999999944, 0.0011119099999999272, 0.0008999600000000107, 0.0008741000000000377, 0.0007196199999999742]

[11.777919540463477, 4.704207050786397, 4.865660592044365, 1.392161643674835, 0.8513000050927382, 0.6064794758706743, 4.065320602144181]

[7.902303378160551, 3.4705612935584536, 3.517079101828799, 1.1257649201660413, 0.7817058125583377, 0.5991384386055583, 2.8337045039481485]

4.037578415725238

2.890036778403698

