[59378.95, 59239.44, 57197.44, 58523.64, 59519.56, 59484.48, 57588.84]

[0.05355495341000051, 0.005847881890000366, 0.0056214375500003655, 0.0057587460599991406, 0.005908570520000254, 0.005872056529998844, 0.005652671000000566]

[1093.65, 2088.48, 1608.14, 1420.31, 1641.74, 1552.47, 1570.28]

[0.0002509166599985946, 0.0003494872400013804, 0.00028805497000014666, 0.0002622155799991788, 0.00029371805999986125, 0.00028217887000018036, 0.00028192840999928135]

[54.765164012247226, 28.64481294108802, 36.218780253216075, 41.226461557888726, 36.28088819924156, 38.36895945232322, 37.023015047565565]

[104.87106321234745, 16.827438785505645, 19.811187447861506, 22.028485817606875, 20.1978554801208, 21.056447254962517, 20.255298131134943]

38.932583066224346

32.14968230421996

