[24134.36, 24481.53, 24295.09, 24275.35, 24543.17, 24778.49, 387305.75]

[0.05064160756999961, 0.002528548159999673, 0.0024868365100010692, 0.002521841399999758, 0.002546329410000183, 0.002564833050000459, 0.03803757275999942]

[9736.45, 2593.23, 1481.08, 1465.99, 2837.44, 5125.78, 371273.73]

[0.0011171223600002379, 0.00040319133999965116, 0.00027573307999972485, 0.00028026810000035594, 0.00043098216999908344, 0.0006428343899996491, 0.03631236101000141]

[15.145616835461619, 12.61116297913106, 16.452282355901048, 16.592610457405122, 13.709890962149974, 13.194538683485495, 11.570956638004375]

[69.8940972487771, 7.414259760642954, 1.074758930297431e+303, 9.09771139512915, 7.70242221704411, 7.563337290376507, 6.741358537441464]

14.182436987362669

1.5353699004249014e+302

