[9476.95, 11425.55, 12236.86, 18813.49, 19759.05, 17876.89, 29938.77]

[0.001112888139999999, 0.0012089168699999497, 0.001314665429999957, 0.0019159202399999754, 0.0020043840600000883, 0.0018835444300000414, 0.0031821193199999963]

[5382.17, 4746.77, 3713.75, 4304.02, 6979.93, 6796.95, 6889.72]

[0.000632597739999925, 0.0006002694999999392, 0.00048333922000005637, 0.0005377417900000126, 0.0008529796399999512, 0.0007860390100000636, 0.0008114302699999509]

[10.3004661882182, 6.071207746474086, 8.147955847117673, 11.215566270199952, 8.435569451253906, 8.477384484880819, 17.21669239207241]

[5.440481051254568, 3.740097917370378, 7.96863435896598e+301, 6.315379556253443, 4.967497946202498, 5.004113070346924, 9.908184890361282]

9.980691768602437

1.13837633699514e+301

