[13058.7, 14059.71, 15920.67, 45705.27, 64899.71, 62342.46, 58360.18]

[0.003803668519999981, 0.0015180377799998723, 0.0017046246500001772, 0.004582421299999879, 0.006443698950000112, 0.006295012739999883, 0.005953639310000085]

[2282.98, 3782.56, 3086.62, 4035.21, 4979.21, 5392.8, 4972.86]

[0.00033673467000010503, 0.0005276200399997677, 0.00043969117000010273, 0.0005430986700000418, 0.0006593062300000696, 0.0007060514900000214, 0.0006643471699999637]

[11.483443021345842, 6.14869330534021, 9.022797773923017, 16.796193828056104, 16.38907044744325, 15.675161407256141, 13.308675868190878]

[13.751830195966484, 3.868074193009596, 5.386658885444096, 10.18785208458252, 10.681953491866585, 9.916261166158998, 9.085372744020091]

12.689147950222205

8.98257182300691

