[1865.29, 2001.0, 1914.81, 1821.33, 2029.92, 1974.25, 4279.78]

[0.0003485818100000293, 0.00028410621000001635, 0.00026839797000001274, 0.00025596668000001934, 0.00028008245000000543, 0.00027636988999999113, 0.0005482293599999799]

[957.71, 1876.11, 1473.03, 1342.63, 1567.63, 1442.43, 3273.9]

[0.00018882468000001374, 0.0003252743499999894, 0.00026620701999998666, 0.00024443889000000385, 0.0002829934600000017, 0.0002637640100000149, 0.000501044130000009]

[1.905212358001737, 1.1191720874396784, 1.36103601136979, 1.4228747962949186, 1.329276938509222, 1.4047031938990135, 2.1782998885438722]

[1.7385093471458775, 0.9035523672800164, 1.0397476018459244, 1.0880675583218986, 1.0201112890307789, 1.0694007051719676, 1.6668212101468196]

1.5315107534368904

1.218030011277612

