[47058.72, 47712.21, 47638.49, 3977525.14, 4981160.44, 52305.83, 2205301.6]

[0.21484808463999683, 0.004777091840001333, 0.004814247599998964, 0.390513488009999, 0.48426622533000113, 0.005174357229997497, 0.21378548168999742]

[28987.09, 5967.88, 4803.01, 1525142.32, 2803812.31, 22875.47, 264875.73]

[0.0030882703800031663, 0.0007597396500020182, 0.000710806869998919, 0.15110719614999568, 0.2726342154000034, 0.00235329015000417, 0.025984120010002415]

[15.56726627427649, 17.73208518548275, 25.9394332618626, 318.0009214091578, 265.22187684338724, 11.897027265033449, 214.2453350650086]

[123.67353893707902, 10.515266505734514, 14.43699809537702, 247.8285821764666, 216.46802143520443, 7.28299873554, 175.1959102943714]

124.08627790060127

113.62875945425328

