[24319.64, 23665.68, 23711.34, 20315.36, 25326.13, 34723.23, 150952.69]

[0.013375793720000181, 0.0024384018800001784, 0.0023874687000002837, 0.002117831910000092, 0.002577363779999757, 0.003554396949999834, 0.015026160980000149]

[3537.98, 6258.56, 5321.78, 4118.53, 9309.39, 10575.34, 127593.66]

[0.0004754927799995201, 0.0007583341299999091, 0.0006358657700000236, 0.0005351054300000868, 0.0010446211899993686, 0.0011519771099997556, 0.012935210799999907]

[21.885426788161272, 10.876998431732172, 14.635648064924682, 13.461354289124916, 12.542844601353115, 19.49392437180508, 19.339663280275015]

[33.98166306159696, 6.180874182034455, 7.834634090983069, 7.103633493272728, 6.871915192422852, 10.294122620348368, 10.396336047961416]

16.03369426105375

11.809025526945693

