[2909.28, 2929.24, 2685.61, 2759.98, 2873.29, 3062.56, 10245.72]

[0.0003816735900000179, 0.0003799663600000169, 0.0003426544300000067, 0.0003524654700000607, 0.00037800527999991117, 0.0003939527500000306, 0.0012079299800000377]

[1587.37, 2028.97, 1860.55, 1838.22, 2136.68, 1976.99, 1985.08]

[0.0002672579300000333, 0.0003476249399999798, 0.000308393779999987, 0.0003102924100000415, 0.00035643966000003857, 0.00033071537000005423, 0.00033511707000000613]

[2.3531989334565657, 1.5225511294295766, 1.595452360888682, 1.6305999724158224, 1.4716538441317244, 1.7234917089952888, 5.615904568621014]

[1.6010456987771016, 1.124275897874686, 1.1638795231921673, 1.1839955400336784, 1.1045042241772378, 1.2548774633028719, 3.8481798573939883]

2.2732646454198107

1.6115368863931046

