[148755.36, 132699.67, 121743.67, 99004.12, 97603.44, 107589.39, 107743.41]

[0.06244515243999956, 0.013071326470000174, 0.01249375354999941, 0.009596173749999081, 0.00946964170000001, 0.010661391799999791, 0.010865961749999684]

[94532.74, 40595.32, 60840.13, 6688.71, 3259.81, 31086.43, 39043.23]

[0.009471500489999727, 0.0041043958899979315, 0.005993247519999869, 0.0007804455500010477, 0.00046605424999938803, 0.0030975748700001306, 0.004274219560001171]

[48.73169677714531, 44.62025205055611, 36.42529521625859, 53.43294569652066, 51.01416309903811, 44.03557201754828, 39.57258636742861]

[81.91879926780457, 24.889776150957573, 20.64718943976283, 29.2937429880409, 7.480813698101928e+303, 24.29252507113452, 21.860316223049495]

45.40464446064225

1.0686876711574183e+303

