[27206.63, 26888.0, 25378.06, 27321.91, 29316.27, 28518.62, 28516.63]

[0.005240940289999969, 0.0027013819799999793, 0.0026568769000001424, 0.002735429049999958, 0.003135272030000138, 0.0029454466399999645, 0.0030286613200002322]

[1029.12, 2627.32, 1907.96, 1614.95, 1888.49, 2128.12, 4535.34]

[0.000206570860000177, 0.0004050972699997857, 0.00031766606000005026, 0.00028079976000000784, 0.00035327961000003683, 0.0003734338499999268, 0.0005891207299999124]

[29.160259108835504, 13.380536058922495, 14.061419738445785, 16.562056806469826, 15.907129701013435, 15.680808489289362, 14.50300161952298]

[23.442030541505755, 7.913920696051532, 8.199990007946681, 9.68730473464075, 9.341795320508771, 9.364223220568114, 8.824884464869132]

17.03645878892848

10.967735569441533

