[12280.64, 10003.12, 8463.28, 6513.96, 7985.55, 9784.72, 12793.14]

[0.0013495056299999897, 0.0013808721400000313, 0.0010170710700000596, 0.00075161994000001, 0.0008974578600000216, 0.0010829627000000475, 0.0014346320700000393]

[5034.3, 4942.26, 3936.39, 3504.85, 7721.32, 3648.33, 53650.06]

[0.0006187818599999684, 0.00071238252000001, 0.0005741450600000508, 0.0004793931999999845, 0.0009177857900000497, 0.0005098627299999547, 0.007412751969999989]

[8.365607112704808, 3.6956037850667127, 3.646960865242349, 2.7413315638140734, 2.1269670617527283, 4.348512728033233, 5.343500854148889]

[4.968153830897842, 2.662616789400756, 2.639603296008874, 1.9677466398938912, 1.5767425219579017, 2.9566688984451184, 3.571574223154717]

4.324069138680399

2.906158028537014

