[156908.27, 155167.42, 132239.85, 186600.68, 181222.19, 202969.42, 262403.07]

[0.026740367599999218, 0.015549270780001621, 0.013244937489999416, 0.018635844849998192, 0.01816878942000301, 0.02027999541999975, 0.02644091572000434]

[200510.45, 131120.03, 127294.71, 68005.25, 71645.44, 91124.16, 119428.04]

[0.020035768159999634, 0.013015427400001158, 0.012710411580000027, 0.006968209369999272, 0.0072521305399988025, 0.009134494869999798, 0.012104650619997414]

[17.48194971992246, 11.368653397660426, 3.663411095121075, 56.87557925871898, 46.937364846924076, 47.03097837225536, 42.046266878476814]

[16.690533454550394, 7.008596555311741, 2.4658961258318377, 32.52295993566733, 27.195613527534757, 28.243083771600922, 24.916062909312537]

32.20060050986846

19.863249468544215

