[99577.54, 86872.77, 72131.09, 134305.51, 182556.82, 208755.66, 216495.77]

[0.012595797520002918, 0.008787876159994141, 0.007228937289999067, 0.013516967610002838, 0.01830955771000106, 0.020955145899999365, 0.021805068760000098]

[114331.33, 43681.67, 81204.16, 86150.55, 88831.47, 134323.4, 175034.25]

[0.011582401430000857, 0.004510191529999474, 0.008134718170001633, 0.008745611430001077, 0.008932718539999768, 0.013532176440002104, 0.017569450420001544]

[26.811945881733404, 20.51803795954318, 13.998253120466082, 20.134902936593843, 30.162424762656954, 25.15781919050515, 16.94055985367152]

[18.055948331592493, 12.736099682786442, 8.955919381526204, 12.592944603187892, 18.65454652979382, 15.489726495797736, 11.009838489153259]

21.96056338645288

13.927860501976834

