[4478.48, 4370.21, 3959.15, 3621.1, 5042.27, 4543.17, 4572.62]

[0.0006220021099999923, 0.0005297772999999828, 0.0004759142900000118, 0.00046677936000000145, 0.0006140178800000296, 0.0005298877400000058, 0.0005481332399999772]

[2757.26, 3617.92, 15978.98, 2085.17, 2890.04, 2214.07, 2112.83]

[0.00041205012999997846, 0.0005074192199999761, 0.0022351174699999942, 0.00035844767000000835, 0.00042301361000001927, 0.0003426104800000107, 0.00034995098000000337]

[3.264342617757042, 1.5567052499918606, 2.1693035295643286, 2.0298264993315884, 2.181817678380995, 2.031626747732474, 2.195401277132368]

[2.4963059393312133, 1.1808653029985896, 1.5488031452130615, 1.4567455499196686, 1.6120594467441896, 1.4900642743587873, 1.5586593692728998]

2.2041462285558078

1.620500432548344

