[2445032.05, 2987491.29, 3047694.16, 3047320.7, 3765929.36, 4244374.41, 4242537.63]

[0.29167184684999936, 0.29661540302999756, 0.3004940438299994, 0.30214176913999435, 0.3726756364200011, 0.41739774036999877, 0.418606149480002]

[2445539.86, 2984233.18, 3047953.88, 3048027.66, 3766766.67, 4245149.62, 4243311.31]

[0.24129083624000203, 0.29157702732000074, 0.29643450049999925, 0.29701587981000244, 0.36732817718000377, 0.4148405571499984, 0.4145845936300017]

[0.9935206819711945, 2.131993406836676, 1.131376842145101, 0.9928970785472258, 0.9931564899665746, 0.9947558794263426, 0.9945949158303605]

[6.087598818429265, 1.7918641243492102, 1.1033815191522311, 1.0081725110620974, 1.00463001645307, 1.0047461576042478, 1.0030326317657154]

1.1760421849604963

1.8576322541165484

