[923.66, 1000.89, 1074.06, 896.81, 955.28, 900.43, 952.47]

[0.00025073892000000985, 0.0001755286500000075, 0.00018143824999998615, 0.0001593964000000181, 0.00016800099000000124, 0.00015778587000002343, 0.00016848322000000192]

[850.61, 1547.01, 1260.87, 1303.28, 1519.73, 1387.79, 1361.37]

[0.0001730490600000123, 0.0002818583299999972, 0.0002413770700000034, 0.0002456317099999927, 0.00027994565000000746, 0.0002647481100000315, 0.0002586431699999792]

[1.005114462177521, 0.678538822197791, 0.9737074430265632, 0.7928443064614441, 0.7014854191179396, 0.7280635810539503, 0.7735237808845501]

[1.2700277957529815, 0.6486318130520177, 0.8383369333633013, 0.707492730904466, 0.6554268132464235, 0.6556284209903375, 0.7120896551320491]

0.8076111164171085

0.7839477374916538

