[16178.48, 16537.85, 15091.19, 12752.7, 11903.32, 12862.09, 15715.37]

[0.0019266281099999906, 0.0019423574099999641, 0.0017885960799999979, 0.0015267608700001124, 0.0014844695699999287, 0.0017023631999999545, 0.002173750740000031]

[12702.76, 13515.85, 11577.97, 8282.11, 6612.36, 10421.75, 15577.82]

[0.0015951973100000404, 0.0016630444599999184, 0.0014120800600000206, 0.0010592991200001301, 0.000907873330000033, 0.0015254744999999659, 0.002417142460000008]

[2.325332494159211, 1.558817304005829, 1.8667968126425711, 2.6021989062728745, 3.2121480698335123, 2.9780591893360526, 1.3771474579016911]

[1.8271836328161999, 1.4198821518437688, 1.6193491279624563, 2.075510946003991, 2.4316349695969985, 2.2190909543652078, 1.2286326961834395]

2.2743571763073915

1.8316120683960087

