[24085.36, 24616.87, 25698.31, 24369.58, 23197.62, 23268.86, 39780.46]

[0.002840001359999924, 0.002747751700000087, 0.0030298390499998895, 0.0027302720099999255, 0.0027017965500000327, 0.0030832171299999445, 0.0046830586800003186]

[13083.8, 15452.72, 16833.79, 19413.0, 17615.84, 18236.04, 22160.12]

[0.001564023190000139, 0.0018331343500000586, 0.0019664378800001536, 0.0022417799499998736, 0.002242121029999957, 0.002465762949999881, 0.0026662867500000685]

[11.153728570960775, 4.902538029777069, 5.1677274907095, 4.345276438738641, 3.942603213441858, 3.9200445711226064, 10.907500596369404]

[6.555907320121974, 3.502837337712217, 3.730996518803662, 2.9367605814120896, 2.697760625132008, 2.712789630106854, 7.667373879332668]

6.33420270158855

4.257775127517354

