[28639.42, 29029.35, 28811.87, 631.71, 679.31, 1448.41, 2928.28]

[0.21583941558999725, 0.002968827190003367, 0.002881888709998179, 0.00014539525999680337, 0.00016214177999700042, 0.00025183803000146556, 0.00039931237999780934]

[26445.01, 5012.88, 26962.81, 1599.77, 1827.18, 2439.83, 3908.49]

[0.0027169658099941785, 0.0006573449399994047, 0.002725123439999777, 0.00030018547000082663, 0.00033639182999962715, 0.0004134627499990984, 0.0005463404600050126]

[2.7464624043793164, 13.731207387177308, 2.2201662324098037, 0.3959363576057562, 0.37282591462919, 0.4500181975329398, 0.5494163753586674]

[217.1486170355481, 8.246832024706503, 1.4150035015110476, 0.4880082599998439, 0.48323963765789296, 0.5432609317395385, 0.6155573639114216]

2.923718981298997

32.70578839358205

