[21970.58, 21666.78, 17614.26, 11397.33, 10927.53, 15532.83, 20460.84]

[0.0029833978000000094, 0.0023753774100000414, 0.0019345744299999802, 0.0013615591599998745, 0.001251009440000086, 0.001689415339999929, 0.002223096849999955]

[1672.17, 7235.66, 7674.6, 1846.28, 2125.46, 2613.89, 3025.19]

[0.00027276027999992183, 0.0008644221999999146, 0.0008807060899999542, 0.00031415735000003055, 0.0003673620599999339, 0.0004006843099999813, 0.0004483076099999117]

[22.355876177389945, 11.373822519241457, 9.986357627747909, 7.313805567638806, 6.0010787709686095, 6.969694305365407, 7.34751957163205]

[13.547674321049266, 6.505330271933298, 5.851670307315251, 4.542458867407847, 3.5897472037208105, 4.399689681320766, 5.059372907903094]

10.192593505712026

6.213706222950047

