[1550927.05, 1560099.5, 1558013.61, 1552571.56, 1552656.56, 1552339.56, 1552334.72]

[0.16369940392000104, 0.1541497658200025, 0.15313126006999894, 0.1528727576299994, 0.15546152722999865, 0.15422386198, 0.153659268990001]

[1551405.23, 1564200.4, 1551335.31, 1553230.64, 1553453.76, 1553068.31, 1553066.28]

[0.15300978619000077, 0.15480245887000094, 0.1525023973300013, 0.1535679646499969, 0.1561546347600037, 0.1545707101200007, 0.15427695298999822]

[0.9996917780838932, 0.9974074599581283, 1.008589315434501, 0.9995756717147486, 0.9994868218879899, 0.9995307678055595, 0.9995289577836617]

[1.0705081283035096, 0.9962860105102012, 1.00829264699045, 0.9958687790312957, 0.9965091268871089, 0.9978310287820318, 0.9961331192694749]

1.0005443960954976

1.008775548539153

