[371953.0, 376933.0, 375762.0, 372853.0, 372912.0, 372753.0, 372753.0]

[0.04021499666666638, 0.040559236666667005, 0.04034003666666583, 0.040012546666666586, 0.039984883333333464, 0.03998963333333305, 0.040026273333333556]

[688.3, 1677.6, 972.2, 960.5, 1152.0, 1058.9, 1055.5]

[0.0015291133333342325, 0.00027685666666653694, 0.00018322999999978624, 0.0001821933333334395, 0.00020987666666627547, 0.00019715666666660545, 0.00019632000000001425]

[542.9640013490526, 279.03993436313596, 387.26414884204524, 388.1947769215457, 323.74251223031825, 352.08450757894974, 353.1593550694659]

[262.3092806983726, 167.7564161879958, 221.2696999777983, 221.36300036600824, 190.88999448688685, 204.10048068999146, 204.40947916512766]

375.20703376493054

210.29976451031158

