[923.66, 1000.89, 1074.06, 896.81, 955.28, 900.43, 952.47]

[0.00024214568999999465, 0.0001697357699999874, 0.00017193856999997648, 0.00015400840999999887, 0.00016508788999999524, 0.0001554176099999871, 0.00016370571000001054]

[850.61, 1547.01, 1260.87, 1303.28, 1519.73, 1387.79, 1361.37]

[0.0001707086300000149, 0.000277572100000012, 0.00023586548000001096, 0.00024238758999999555, 0.0002738987999999887, 0.00025624808999999416, 0.00024940784000000325]

[1.005114462177521, 0.678538822197791, 0.9737074430265632, 0.7928443064614441, 0.7014854191179396, 0.7280635810539503, 0.7735237808845501]

[1.2460114943171683, 0.6336980251200047, 0.8051771760779773, 0.6942747694368724, 0.6505116178900812, 0.6641018455962013, 0.7135597084565193]

0.8076111164171085

0.7724763766992606

