[117252.11, 116943.66, 118717.72, 118590.78, 120536.19, 114632.25, 114648.27]

[0.22257024668999692, 0.011548023499998124, 0.011688194540000722, 0.011650107839999464, 0.012081858989999148, 0.011185214720000829, 0.011253615270000808]

[1797.44, 11447.57, 7879.15, 1906.83, 2062.87, 2131.78, 2770.82]

[0.0003499018199968873, 0.0013012840699974503, 0.0009112527100009516, 0.00031627158000219424, 0.0003477551800020251, 0.0003392297099983921, 0.00040824484999973264]

[96.061223244131, 49.31566865984045, 60.533088005841755, 76.21200581878874, 68.9042250078108, 66.36565626643754, 55.71363492897333]

[270.6599512002831, 28.502996047122966, 34.30262919152054, 40.6188285231992, 37.635068135975544, 36.320698485498994, 31.369610674505534]

67.5865002759748

68.48711175115798

