[5318.74, 5629.25, 5610.96, 2452.28, 3238.08, 3376.62, 3484.18]

[0.0006267655400000293, 0.0006423199699999627, 0.0006237385400000717, 0.00031493440999996736, 0.0004017898499999939, 0.0004167886900000006, 0.00042302952000004]

[859.92, 1694.54, 1434.87, 1555.22, 1850.46, 1538.93, 1591.15]

[0.0001765792199999794, 0.000300286189999972, 0.00025933637999997483, 0.0002715068900000084, 0.00031710814999999395, 0.0002688526600000296, 0.00027653273000005196]

[6.529134972421685, 3.4051533584818428, 4.134276950627496, 1.322856987807251, 1.5314770054404108, 2.1527901171132253, 2.286992322808203]

[3.7970278307983785, 2.186327608234143, 2.4971948559794153, 1.0594457502348629, 1.1951604182805529, 1.5241565124718925, 1.5614410974315447]

3.051811673528587

1.9743934390615414

