[13638.02, 14869.42, 14754.82, 3453.14, 4360.03, 4381.5, 4492.2]

[0.0015337786299999933, 0.0015384466800000053, 0.0015080872400000268, 0.0004111210500000517, 0.0005112057400000137, 0.0005049859699999626, 0.0005124905800000956]

[924.39, 1802.18, 1966.33, 1822.91, 2180.38, 2030.38, 2292.08]

[0.00018195094999994943, 0.00031300441999992045, 0.0003195266099999916, 0.0003083816200000378, 0.00035919054999999033, 0.0003307745599999912, 0.0003546694099999748]

[15.700929204607167, 8.743951730066735, 5.225784733031829, 1.3553739711583725, 1.423924951460966, 1.6573208928624186, 1.646029447494361]

[8.412028485402045, 5.029446900586036, 3.624300077888999, 1.0832936220751541, 1.1438442966139268, 1.3268224407695133, 1.2996947731013615]

5.107616418668836

3.1313472280624337

